0.0
0.0
0.0
0.0
0.0
0.0
0.0
0.0
0.0
0.0
0.0
0.0
0.0
0.0
0.0
0.0
0.0
0.0
0.0
0.0
0.0
0.0
0.0
0.0
0.0
0.0
0.0025056399405002615
0.004861540980637078
0.006962403735145932
0.009241217078361667
0.012395755217983397
0.016378837057141833
0.022530789540985186
0.030590064921418844
0.03893419774226151
0.046610696497154366
0.05540030967539801
0.06683537148216309
0.07946272585431731
0.09092770068802433
0.10257131255179741
0.1141713716257075
0.1250663623000221
0.13595844393430004
0.14585184585238453
0.15591061417883348
0.16586180318787125
0.17811557998185068
0.19193221958903944
0.20702273488846476
0.22414100367592477
0.2420064259452459
0.25973071321236046
0.27820694527196493
0.29808346407720676
0.31863871095829976
0.34025116596958127
0.3634613895676934
0.3867930697450323
0.41014071610538355
0.4324256906074264
0.4545413437191526
0.47781685526854656
0.5023400908599548
0.5270200877980133
0.5514940772569134
0.5776992675076084
0.6059275760839034
0.6351580579936669
0.6658426842954911
0.6976496046556829
0.729234886416307
0.7603607740363333
0.7910525021992932
0.8218554474056433
0.8517737891558446
0.881071329213128
0.9111181200465543
0.9417518095051184
0.9722881048998423
1.0020613057988017
1.0309436931608391
1.0600776060102741
1.0906575932596567
1.1204717709392031
1.1497816370011602
1.1790295799351904
1.2086396358200227
1.2384120419322349
1.2674392526312621
1.2958122851168865
1.3230588717887766
1.3496679037261476
1.3765910775438992
1.403091767969454
1.428955660825559
1.4553777567916204
1.4833339356138742
1.5115540591494951
1.5383807717994726
1.5653461083048665
1.5922848513782402
1.6186741793659687
1.6448594465138509
1.6707312054999566
1.6967856882204115
1.7223886964996682
1.7471023581788963
1.7714219782002494
1.794445162871017
1.8164888735270572
1.8376535584403344
1.8572478263953929
1.8758251638125008
1.8946197601522103
1.9127056661990127
1.9314236343462765
1.9497857407263444
1.9676798045391788
1.9859783437616827
2.0046868719089868
2.0229520815171202
2.0409028785109053
2.058094442272738
2.075099090104627
2.091160331564209
2.1067324962985596
2.1217803381317335
2.136445420117359
2.149611900522929
2.1626773364950127
2.1744806392221117
2.18554872294933
2.1959384353919513
2.205175386703561
2.213681911920232
2.221233976602541
2.2273824633002155
2.233324746270764
2.2389055539973564
2.244400261572757
2.250090335602731
2.2548520923211295
2.2594662529753062
2.262863820930331
2.2656611411104683
2.2680682438526136
2.270489912531565
2.2727841677632936
2.274509618207679
2.2753560305124743
2.2756424320202977
2.2760227078039263
2.2763333058503146
2.276817702188048
2.2769931115580158
2.277648103235059
2.279383521674075
2.2815886381547634
2.2832246145722204
2.284694892670819
2.2862233235247964
2.2875080106772616
2.287984752477383
2.2883656309347518
2.2885312469786516
2.2885870516684457
2.287452884650972
2.2860295521516694
2.2841440558368107
2.2816766315636468
2.279240393960532
2.2768963089663323
2.2741097882911174
2.2713145357120412
2.268536880081987
2.2664755570320194
2.265166156297575
2.2638191214853207
2.2626048843136424
2.261494870391234
2.2606325225397024
2.259555382782804
2.2582740595855886
2.25692736510164
2.255263698434235
2.2526851353234365
2.2500527525272966
2.247568189413413
2.245239719098321
2.2430826754651823
2.241057588132048
2.238924113708966
2.2361282104336437
2.232866817154393
2.229541614419232
2.2266351690170265
2.223786069429243
2.220330659352251
2.216745216262721
2.212602749150757
2.208357723501996
2.2044761541985394
2.2011334166256367
2.197710683153211
2.194218367036017
2.190381903659344
2.1862141254052405
2.18240683519638
2.178612836019264
2.175356735214852
2.172099145207802
2.1689575616084533
2.166115846076096
2.1634864663546884
2.1605703694316074
2.157135390198003
2.1537744559923633
2.1508577406581075
2.1486330184506417
2.1461287881442592
2.143051930093095
2.140635959736664
2.1381917405233293
2.134997191796723
2.1315291877900777
2.127970571170197
2.1243964683090137
2.1215390501937033
2.119089922467343
2.1165195158138856
2.113228692458494
2.109632368042173
2.1059427036805918
2.1029712106054794
2.100039740205058
2.0974208780231436
2.094466373791023
2.0908443343602
2.0865140002334375
2.081728623240793
2.0771870092879974
2.072547827414143
2.0684868360945527
2.064680655014465
2.060957893978906
2.0572298089551775
2.053395713755832
2.0497716696261152
2.045983967149143
2.0428506613926993
2.0395118631024225
2.035797536894094
2.031769273179959
2.028324083112956
2.025009918056048
2.021318719238054
2.018226976372312
2.0157399489667367
2.013882016984327
2.0120188246720216
2.0101186511939293
2.0075212691351023
2.004083875359896
2.0002486679600806
1.9959524904653205
1.9915640089130933
1.9865325079913645
1.9820613043733362
1.9782093523310151
1.9745171497710745
1.9707038689579357
1.9678147529045245
1.9638099312539425
1.9596432286270211
1.9556756998975438
1.9516901231393609
1.9481199397401137
1.945012561785014
1.9422341631765065
1.9393575414587214
1.9368429097871678
1.9346343018287084
1.9330820134073474
1.931578687454311
1.9301625023720617
1.9284354482011057
1.9263988050043837
1.9240236646542195
1.9213660764971159
1.9190590677524448
1.916862831808289
1.915178309860132
1.9137868269614247
1.9128074959034993
1.9121611892540762
1.9107801398030455
1.9095545337967037
1.9083415826214711
1.9064159802646135
1.9038600178011418
1.9008603760476661
1.8974890624912544
1.8941335061848525
1.8910882245180354
1.8882762871328471
1.885828487876684
1.8835756472383431
1.8818797178122169
1.8806512884001063
1.8792387927686296
1.8770917823771007
1.8745825690345366
1.871834447205124
1.8689826783627816
1.8664272839065414
1.8635626200362265
1.860798709129096
1.858391593802036
1.8564896656698564
1.8547861824378622
1.8537885007707269
1.8533660585259986
1.852367285276136
1.8510811122411956
1.8491433901137855
1.8472431342223694
1.8455772229431509
1.844569893377872
1.8439326674868257
1.842719162660153
1.8414296477034149
1.8406139314715797
1.8397121564067898
1.8392072090249878
1.8391373505497515
1.839117613711885
1.839069711084152
1.838763176966941
1.8386489059436062
1.8380426198852413
1.8368257193845248
1.8352125201252747
1.8337461360242233
1.832706580315923
1.8316343280346696
1.8307159970241715
1.8302478033836715
1.8297089990585278
1.8292989277619887
1.8290690885573457
1.8284745644788285
1.827811758686833
1.8273045866899151
1.826125607565228
1.8251984341854102
1.8243155988771254
1.8234486944558825
1.8224167395361737
1.8214396308155905
1.8206382519779054
1.8194286674696778
1.8183712758537776
1.8175807821771317
1.8163551754375071
1.8152978870559515
1.8146253357951188
1.8134243045343088
1.8124236103284828
1.8114278479982462
1.8109116113524233
1.8108114479505584
1.8102330063380188
1.8093140095340725
1.808284899728908
1.8073058387443852
1.8061817296112737
1.8059576667722963
1.8057428580033836
1.8050288182926828
1.8048045249095581
1.8055587997779718
1.8058527043668626
1.805794128243902
1.8056993862405815
1.8056608261063325
1.8058696697478391
1.8054024720995279
1.8051098155546406
1.8046892532894816
1.8048249748081282
1.8056829585029481
1.806623069715908
1.8075140415219368
1.8084433569171534
1.8095947552696448
1.810656623693983
1.8113795467416904
1.8118642042865791
1.812721178655914
1.8142489447582137
1.8154775025118344
1.8168410952474183
1.8180123459106914
1.8190484659141222
1.820080725893639
1.8207831860760841
1.8215414441745474
1.8219189732536618
1.821962782224188
1.8223258366745325
1.8223674997720651
1.8228161821546014
1.8229580566577874
1.823129792315575
1.8239593568818488
1.8253842413631958
1.8265440711575236
1.8277049120999984
1.8285935634276005
1.829705007692744
1.8313880994216016
1.833334883310461
1.8347616357059884
1.835976615978184
1.8370653000089106
1.8381660745821344
1.8395915158557743
1.8408939661154606
1.8420567999771222
1.8434420690900521
1.8446538202631588
1.8456651573414316
1.8468379770500436
1.848438762132707
1.8498381767463323
1.8512554719152108
1.85319948061277
1.8549254464186336
1.8569710513674467
1.8588824935443289
1.8607307885391249
1.8630656861849226
1.8655729393569844
1.8676993107187556
1.8698047650474725
1.871573156117151
1.8734404292690874
1.8755836670238488
1.8779482181277651
1.880212995274508
1.882576589008631
1.8846876243844017
1.8863645791103112
1.888657891664424
1.891587044515056
1.8945763294219478
1.8974502677821643
1.900127586260274
1.9022131618937783
1.9040455425011005
1.905766312680199
1.9076705109889074
1.9100403969709103
1.9132106300158127
1.9167911942963483
1.919640254910434
1.9219559335101273
1.9242765275855058
1.9263146400261157
1.928402159195922
1.9310852755136223
1.9339678968564258
1.93647820863096
1.9383270577323406
1.9395820164626212
1.9406296859928074
1.941395732582678
1.9420535605947338
1.9429601768364662
1.9438604794665821
1.9444307494748052
1.9447408763725553
1.945340458129947
1.946365952885498
1.94728810824606
1.9483301309324357
1.9496024473705094
1.95098637372139
1.952259583159176
1.953759257733517
1.9551291540291988
1.955644340443187
1.9561687614234233
1.9564851612276184
1.9570002283558279
1.957607916952151
1.9587685956189325
1.9600037057149238
1.9616964611411527
1.963828479781788
1.9658172048710676
1.9672600906793025
1.9684655962008795
1.9693578345316285
1.9696586598555994
1.969394543381603
1.9690834499214767
1.9687198605114167
1.967616285450781
1.9668671640645945
1.966286515717398
1.9652882285400792
1.9646259580165482
1.964038720965864
1.9639129317586201
1.9638699703360945
1.963670274843582
1.9639406225763938
1.9644198438126863
1.9649265845188568
1.9651307729473328
1.965114013772317
1.9652210986614753
1.965449822962334
1.9656303945869682
1.9658652675654444
1.9666661625981983
1.9676809942311668
1.968484735867112
1.9693554297702438
1.9704692575172662
1.9719343207472837
1.9739075443232619
1.9755465730061466
1.9776022550293624
1.9799351206409312
1.9816596880990276
1.9828976627852628
1.9837113663388097
1.984574769198017
1.9850850756428249
1.9853666268476375
1.9856295824601355
1.9863768923805554
1.9877231283088603
1.988701978817093
1.9887989953356804
1.9887854521908293
1.9889365645414625
1.9889285109001131
1.9891241654236957
1.9903200319663537
1.9915255207511842
1.9924164259193744
1.9925826193462297
1.9926777334503294
1.9924285718716543
1.9921347552012894
1.9921274742283344
1.9918778829532886
1.9911260732134304
1.9907590629373109
1.990199784202219
1.989109944080014
1.988003499543631
1.986683244381513
1.9856655847335434
1.98521072852009
1.9846249662640072
1.9836919993820048
1.9828447099655016
1.9819217618627039
1.9808731567369453
1.9799600409399691
1.9791108080332143
1.9786937021370161
1.9787745688356615
1.9780915045040621
1.977285976224431
1.9764057946827256
1.9754495009774895
1.9743767277146562
1.9733169844704792
1.9725899231841197
1.9718615984707604
1.9706462420026514
1.969358127032722
1.9686115172299292
1.9680680580390413
1.9676548163175855
1.9674431546604894
1.9673734804861196
1.9669173266320252
1.9659077346858764
1.9651494482666765
1.9646459893917034
1.9636878145444632
1.9625638896299231
1.9614582345256395
1.9598973662754624
1.9580918597723735
1.9563669845629144
1.9547881723354248
1.9530428189898021
1.9509695810001357
1.9488705555424293
1.9467553110752445
1.9442613682391487
1.9416879945178958
1.9387572016836332
1.9364451662893167
1.9344179323698398
1.9324998802757314
1.9301684329385806
1.927711235284953
1.9249001557232353
1.92189323344542
1.9184531993347183
1.9145708874209608
1.9109133219298415
1.9076777208644011
1.9046552790560292
1.902219669291384
1.8997445617671376
1.8976281055636988
1.8957320561395483
1.8941811188923396
1.8924715212607108
1.8909657127700783
1.8891559661120583
1.8868426809366434
1.8843820783667857
1.8821245370819608
1.8799277307181277
1.8779454483101052
1.875844776713234
1.8735745460581905
1.871370280310762
1.8691908859203152
1.8672876701593795
1.8653621403921026
1.8631749969841
1.8604484737927625
1.8578350547913873
1.8557547930643912
1.8538912270046926
1.8521402405598533
1.850078912631058
1.8476068411793451
1.8449751320282455
1.8424995952506706
1.8399826648808373
1.8372777804561466
1.8347636440979054
1.8329086046027423
1.8314312690076149
1.8300840908187697
1.8287834456764822
1.8277399266404915
1.8265694894801436
1.825201649714541
1.8239546003804405
1.8227747612915943
1.8216173645890141
1.8207579133097893
1.8202718827451605
1.8198877589562608
1.8199399904237308
1.8200207656656515
1.819904472503371
1.8201331563489058
1.8205221627465484
1.8204584526614365
1.8203401711797929
1.8202348669226374
1.819629040744169
1.8192137231597805
1.8187037053367525
1.818276730728942
1.817695813551702
1.817347301360369
1.8168405479695202
1.8168997404158624
1.8167644337139017
1.8165780460392846
1.8169572857794805
1.8173614385116856
1.817908736096752
1.8186774347479997
1.81893510515919
1.8187798316345527
1.818704663943511
1.8180442892210669
1.8173987120948372
1.8163850971096784
1.8152532492709486
1.81403698711601
1.812633856927919
1.810940918878505
1.8095653600275516
1.8082447269997002
1.8071375875144156
1.806031159465065
1.8049439622057706
1.8038810602266162
1.8030766055848837
1.8023137267006744
1.8017826830143375
1.8005516168529698
1.7990799442134464
1.7975706388992128
1.7962208354393596
1.7947504635377682
1.7933884491461276
1.7922943183224271
1.7912314992168374
1.7901976990667865
1.789190858957121
1.7877758461625395
1.7857956084083981
1.7836362732299063
1.7811399561370906
1.7789264429703575
1.7769815398892224
1.7749325851558087
1.7732936381261066
1.771244554421553
1.7694277557394766
1.7675222499200474
1.7660794999080232
1.7647026467902922
1.7629205648257622
1.7612684876667037
1.759503326356336
1.7581843668847563
1.7569934515056829
1.7554768451554505
1.7535361649669987
1.7512770446115624
1.7491278523579437
1.7469536126312055
1.7448362407707787
1.7431651753924724
1.7418526195094302
1.7404887053842395
1.7392197673322058
1.7379837764860424
1.7365919507427185
1.735174009108445
1.7336582595693133
1.73220184662518
1.7306668823723816
1.7292514326648496
1.7277908720923218
1.7265830773547406
1.7254371088259777
1.7245588729220325
1.7236866164173492
1.7228123692241826
1.7223514308719974
1.7219343354979837
1.7214221757795116
1.7208575181204495
1.7202795191046096
1.7200139772161516
1.7197184513709385
1.7198279751505818
1.719773331334993
1.7199747156086211
1.7206204087966197
1.7213714027267533
1.7223016767371442
1.7231787672872652
1.7242703000380142
1.725258928705242
1.7262086580798401
1.7272810066814328
1.7279914149464517
1.7292083116750203
1.7304410628240574
1.7314071006748284
1.7321278373216136
1.7327659024619875
1.7327104051046198
1.733030026870568
1.733126922877351
1.733067226618661
1.7326755013064812
1.7323942295408703
1.7320615277798608
1.7317885195022875
1.731462213701581
1.7308762477251354
1.730050262420559
1.7290804741568613
1.7281670848427104
1.7272867764932902
1.7262440249927682
1.7252401609547388
1.7242983395219922
1.7233590308470552
1.7226909202795102
1.7219552509325575
1.7213866369645734
1.720988127975155
1.720411686816876
1.7201628658007697
1.7201820526708722
1.720071826227514
1.7201598069624184
1.7199123861867462
1.7195826961948832
1.719338506920799
1.7192352552617403
1.7191098553373985
1.7192541183345362
1.71934812170736
1.7194953367844066
1.7199104215153158
1.7200605517800347
1.720198299871575
1.7200603316896723
1.7198840219914804
1.7198032048526304
1.7194878252172223
1.7193149519197706
1.7188293340425627
1.718563345322002
1.7184361714984373
1.7184439593476182
1.7180782506094396
1.717825938439838
1.7176512645857018
1.7175659933505116
1.7169695664323148
1.7168797741763728
1.7171445772957097
1.7173691214736029
1.7174932818149466
1.7175930010783862
1.717524763358909
1.7173300947672272
1.716987511280163
1.7164594727007891
1.7159912563747097
1.7154542007562152
1.7148472715011043
1.7140916721186301
1.7135030100100437
1.7128734356051225
1.7120402830433112
1.710913625231554
1.7097048208391779
1.7086403919271935
1.707660912013222
1.706726734448831
1.7057963742602793
1.704663635005502
1.7034167534852531
1.7023214084314586
1.70149968696504
1.700650297614194
1.699589849374338
1.698886466839474
1.698643806753192
1.6977835983224232
1.696990653443152
1.6964439276252425
1.6962417599781876
1.696148149705261
1.6961082984104887
1.6959556768974047
1.6959166217951338
1.695674461588556
1.6955620868424868
1.6951795937865257
1.6950916584468698
1.6949812202980097
1.6949620512985664
1.6951646819184525
1.695449717218358
1.695439560220584
1.6956116337136902
1.695674753152197
1.6956546973831674
1.695515380110826
1.6953546032470084
1.6952273640934166
1.6949678941774726
1.6945781022308213
1.6945768778024162
1.6943889315200988
1.6941796027133351
1.693727855720521
1.6931356058483134
1.6928533189164172
1.6928902088635407
1.6925868847053827
1.6924162551937005
1.692426432462397
1.6918933886560497
1.6911933475096088
1.6905710926345099
1.6898177901065898
1.6887672520874664
1.6877009340463864
1.6864926015259671
1.6854189887817457
1.6843744339959787
1.6834247957960884
1.6828299729755833
1.6824341327244787
1.6820040528754403
1.681433340464136
1.6807931557559925
1.6802373310427625
1.6796993435895167
1.6789193372331
1.6781779854875642
1.6773302925539757
1.6765326494243848
1.6761071366621805
1.6758178470955356
1.6757528720800838
1.6752719463486991
1.6751573644578999
1.6750752979890027
1.6752266339120012
1.675070919501176
1.675176495325586
1.675535637449642
1.6759829962212334
1.6760012389978334
1.675830016302321
1.6757065984397042
1.675601093585239
1.6753489496153582
1.674924817259102
1.6748466712695753
1.6745958717007712
1.6742356192839454
1.673870389976471
1.6736881872539233
1.6734741641579356
1.6731691805346183
1.673014975133757
1.6729577379584901
1.67305328620499
1.6730173077620503
1.6730003539835976
1.673129343480844
1.6729688150847255
1.6725900181140585
1.6720442660257993
1.671370990398078
1.67063118910434
1.6695575475778186
1.6686912727437124
1.6679465010243277
1.6671241633846103
1.6663534211234303
1.6657790013909588
1.6649782484096525
1.6639363481656835
1.6629911033663471
1.662035560601518
1.6610759746967625
1.6601056873144635
1.6591946073745523
1.657981276408443
1.6565141557661978
1.6550835376042001
1.6535264794831455
1.6518932141427927
1.6505843519853052
1.6490105265083086
1.647446036340501
1.6460903286950002
1.644707205893139
1.6434253780558337
1.642270417222271
1.641095223673627
1.6401747162302562
1.6393850158057826
1.6388663704079496
1.6381236873207492
1.6374263817102812
1.637094407412365
1.6372233367724291