0.0
0.0
0.0
0.0
0.0
0.0
0.0
0.0
0.0
0.0
0.0
0.0
0.0
0.0
0.0
0.0
0.0
0.0
0.0
0.0
0.0
0.0
0.0
0.0
0.0
0.0
0.0
0.0
0.0
0.0
0.0
0.0
0.0
0.0
0.0
0.0
0.0
0.0
0.0
0.0
0.0
0.0
0.0
0.0
0.0
0.0
0.0
0.0
0.0
0.0
0.0
0.0
0.0004193358588963751
0.0007533800345845528
0.0002363932504085826
-0.0010832209569576674
-0.0033023153094694164
-0.006167805716974826
-0.009593092848165959
-0.013394905405083226
-0.017328528551257633
-0.021973600574927667
-0.027199018805391877
-0.03262417079876754
-0.038324967610611015
-0.04453444759883962
-0.050734895882969686
-0.05733982721673182
-0.06425122891586418
-0.0718458694814178
-0.07980482056425076
-0.08780700575264055
-0.09644291381442717
-0.1047537798820333
-0.11306160553112393
-0.12152274420483936
-0.13041013550850578
-0.13958957412330497
-0.1489433997627475
-0.15873484224762116
-0.16890232404223396
-0.17956502346340564
-0.1898800492558535
-0.20021024617155128
-0.21100935299167778
-0.22193566671034953
-0.23317466751208107
-0.24440578815039687
-0.25548240926724536
-0.26597931452114154
-0.27549974117818304
-0.2848325689080923
-0.2938030753007919
-0.3025317399499636
-0.31120807561853825
-0.3198229029963447
-0.32833838784997976
-0.3364299238531793
-0.34415124066358355
-0.3511292392740773
-0.357491800883772
-0.3630476596101065
-0.3687535362478835
-0.37470074993222013
-0.38040419942892195
-0.3854115650099394
-0.39023061223723327
-0.3942190249413544
-0.39714789814430274
-0.39984566524966464
-0.4023644931870372
-0.4048014782239782
-0.4065679368626374
-0.40809865538167295
-0.4095084503957924
-0.4101051279789043
-0.410522709731414
-0.4104641744712456
-0.4095456069467953
-0.40842730725512566
-0.4074922708518344
-0.4065364631468739
-0.40545087613979497
-0.40411399484081606
-0.4020937184133466
-0.3996243809318959
-0.39683023124174255
-0.39357501892024455
-0.38980647619948255
-0.3855260030584156
-0.3808177262891122
-0.3760609738857894
-0.37103636733589385
-0.3659698197077008
-0.36019983613379575
-0.3541429284979243
-0.347132835445888
-0.3400903617095777
-0.33293847203396126
-0.3258050569607342
-0.3181416101036319
-0.3108607544440981
-0.30391706583321176
-0.2972189431841083
-0.2908017367802225
-0.2838781862604672
-0.27702921576208384
-0.2696150193568188
-0.26185693119548875
-0.25393965689692855
-0.246730893909298
-0.23946769578396726
-0.23144025582554414
-0.22368786327102133
-0.21614150702909063
-0.2091450486327972
-0.20218232190196492
-0.19464050097818708
-0.1874191360709842
-0.17980268128821125
-0.17165808250957157
-0.16312667878206016
-0.15471834036296775
-0.14665577235930277
-0.1387955949060118
-0.13049447720467008
-0.12240930663131683
-0.11506345893073934
-0.10796167203657243
-0.1010453145223736
-0.09429252846707754
-0.08754668955739697
-0.08117042502760433
-0.07535774615853592
-0.06951632799781449
-0.06364574952148629
-0.05794251712224951
-0.0519378876508173
-0.045548017797852725
-0.039725851197129396
-0.03421409253789147
-0.028799843249594184
-0.022947986433884755
-0.017160169938685684
-0.011573878453679952
-0.006569528108023271
-0.0012837199856077898
0.00410436517846848
0.010090678488310701
0.01639871704314322
0.022571950528497125
0.028643625383377967
0.03471814844465341
0.04050595204813562
0.04630653643353898
0.05226286132690224
0.0587369589565105
0.06479380146960531
0.07072336882834741
0.0765511884288078
0.08308110875847749
0.08961241822257313
0.09631600466146012
0.10344361700053258
0.11085159843726437
0.11839621069317367
0.1263220480300093
0.1346658510621636
0.14354235187405712
0.15256367417646097
0.16190872220048322
0.17175150361117286
0.1813622263484571
0.19059110184934788
0.1997675913115909
0.2088438154919487
0.21802918539249547
0.22717747841788796
0.23632916775134996
0.24555703966268308
0.2546225500109393
0.26313448661590305
0.271612767163152
0.27957791447050656
0.2873633210007044
0.29514588603740016
0.30349739447133567
0.3119223982309499
0.3200899155641038
0.3276691419004616
0.3348596406989551
0.3416156632068349
0.34849632871592673
0.35524847197356224
0.3622628870947289
0.3693106663401893
0.37629038568011647
0.3833694920131379
0.3903953067391488
0.3973937283290331
0.40415337958100034
0.41061842853083674
0.417265577053445
0.42435278176133495
0.43123814855934606
0.4386091999727026
0.44663474399761943
0.4544410344657377
0.4617086037856561
0.46903827345561094
0.47573490767063253
0.4819656127389518
0.4879096794139777
0.49405923640835914
0.5002042978833438
0.5073506457943523
0.5144188763868673
0.5212569995784035
0.5282576268772391
0.5358556058572831
0.543942021254574
0.5521413143254131
0.5600598566718866
0.5685041862069142
0.5763497324259722
0.5843723568219007
0.5927281613402723
0.6014213396599393
0.6100703857159591
0.6186832073057867
0.6269106933066168
0.6346605902075243
0.642595119367192
0.6506112195408765
0.6578347244350714
0.6647364765966111
0.6715784298415943
0.679434270231343
0.6874494960308034
0.6958759695172272
0.7041957186049187
0.7122280921604898
0.720234889761938
0.7278215766226417
0.7351594037077236
0.7430528464862046
0.7511229455273272
0.7594405475070949
0.7679798990160557
0.7762707630978839
0.7845495136755184
0.7929941875307364
0.8016658146619967
0.8100558969843549
0.818532453059629
0.8269118654484565
0.8352267969019478
0.8433151013601722
0.8511976022125737
0.8583968865544978
0.8656959343242461
0.8735627053055588
0.8818361214776588
0.8898911376179024
0.8981975520066148
0.90628928087067
0.9140594167989077
0.9220525597838066
0.9295848674120631
0.9368307414864521
0.9435628068501025
0.9499349933317857
0.9559796178717394
0.9620497413635284
0.9685793636989622
0.9751034044041661
0.9813316712452675
0.9871863511393487
0.9933238990933219
0.9997999270199729
1.0068114379512314
1.014159436076253
1.0220566524037726
1.0294098174890436
1.0359591613714427
1.0419241360802753
1.0474048836410381
1.0519192858746966
1.0567808878422533
1.0624834453464267
1.0686862734586677
1.074695129617964
1.0803352956510277
1.0860490725745615
1.0923427154614889
1.0985650002454366
1.104919706833354
1.1114998432987846
1.1181496684098462
1.1249576021360366
1.1316747574677724
1.1393883201715473
1.1475287889018921
1.1560953938808545
1.1648228426430802
1.173901391692109
1.1824618071653343
1.1905809338709714
1.1982178341378722
1.2056231527009067
1.2127896037751966
1.2197861008546558
1.2273959781792478
1.2347165448231876
1.2420897521202972
1.249804321502045
1.2581825439092273
1.2670402462044277
1.276635747951366
1.2871503300587261
1.2976011011763342
1.308302483466837
1.3188813859544144
1.3291816828256695
1.3379486194973742
1.3464209399759053
1.3548006528648053
1.3629416305155257
1.370277680398441
1.3772400970949188
1.3846551992405238
1.3919200775040532
1.3990095678133445
1.4061319303517088
1.4131157734398363
1.4195412955168984
1.424798905194789
1.4308187567928834
1.4364329500548474
1.4426464783524284
1.4493416249758073
1.4563926771288878
1.4631687163567024
1.4695775698912843
1.4754873277473517
1.4809935166082446
1.48633372286554
1.4915736031990847
1.4962886807162086
1.5005464300509883
1.504301166310585
1.5077407429476009
1.5113472706443523
1.5154278117466105
1.5194985892520076
1.523685034596765
1.5281399544672685
1.5320625775820704
1.5364469558078406
1.540607018925194
1.5451599294688023
1.5494672296452952
1.553739784768026
1.5577958153488844
1.5613819202246746
1.56491369887584
1.5690180236118425
1.5729716107563694
1.5765794904083703
1.5800272356965304
1.5830788140419376
1.5859154133674591
1.5890742466095324
1.5924609769365266
1.5956604059072357
1.5991126971200527
1.6026058776098142
1.6062648012013998
1.6098133472684202
1.613072647718491
1.6160460962499248
1.6194793761732988
1.6229522011592659
1.6264949592768092
1.6301962728478503
1.6337075914362165
1.6367509773520765
1.6383468539109558
1.6391605376264644
1.6399425911017391
1.6409769013278412
1.6421562867378285
1.6433224315607884
1.6450089825596532
1.646696732713363
1.6484123428264283
1.6503254256267421
1.652134301020515
1.6541051165919713
1.655830006979719
1.658146304014995
1.6609727005337582
1.6635938870078486
1.6655457961368416
1.6670990229067666
1.6681393194592584
1.6687735734360178
1.66974984775761
1.670745627206964
1.671405133919202
1.6721469287578945
1.673808979817177
1.6754308198258756
1.6775419664032465
1.679889418091858
1.6820244456690157
1.6839185220096036
1.6855154950408981
1.686316797439198
1.6879556535072557
1.6897520343927603
1.6916281178041954
1.692984468213958
1.6936175347851024
1.6937691356154272
1.69282788099263
1.691527090056173
1.6904254610382123
1.6892139754981272
1.6886719495232851
1.6878572373258227
1.6872374341124095
1.6863827306997883
1.6854721167706948
1.6845243678562172
1.6838084768025787
1.6831426615745104
1.6826748605041466
1.6826850064292873
1.681971920858876
1.681194574300948
1.6807027927351772
1.6796555338052055
1.6786061353345498
1.6778854981578186
1.6777084919552958
1.6778888921046164
1.6777596681414755
1.6777155358238793
1.677506180674989
1.6766266916867105
1.675301882618885
1.6738040490393935
1.6724742274754092
1.6710937023370667
1.669814240952208
1.6689890974947619
1.667973092842039
1.666788018808305
1.6657422534746555
1.6643717353062328
1.663045537599988
1.6618190045382717
1.6600453896785607
1.6581544678699562
1.6561224451886625
1.653751032716598
1.650909547317264
1.6485825102456664
1.6465145125867766
1.6439812686182806
1.6407796681752662
1.637997880954476
1.6357299472987505
1.6339666373327235
1.632020142719658
1.6297999398839833
1.6276548890357954
1.6259905376713926
1.6248326683786891
1.6236184483279796
1.6226370178892724
1.6213251919620024
1.620364749681865
1.6188706239455133
1.6176641420894393
1.6168043846443148
1.6164431435691426
1.6157337953334803
1.6149593137901492
1.6136152492008005
1.612920904034309
1.6127948032619912
1.6128059708537896
1.6128934581368295
1.613917406531639
1.614751797244791
1.6150703432754194
1.6159250559872131
1.6175616096797043
1.6187672670459083
1.6187059276289308
1.6185514771279927
1.618874153611101
1.6195084264488873
1.6203633576712273
1.621225377775947
1.6225640553383367
1.6242800622424405
1.626003269928582
1.627267585544778
1.6285246839439307
1.629366520921356
1.6303170538802625
1.6312981959200599
1.6319147159870329
1.6324364065830974
1.6330860489328518
1.6332200598750335
1.633608879688594
1.633646755358629
1.6344458078285058
1.6354681515885392
1.6364885400715818
1.6370969434017126
1.6369986284238571
1.6370538950998932
1.6371247328308605
1.637044030342302
1.6369813283464423
1.636878816303815
1.6368471022609328
1.635947234864561
1.6342217515545605
1.6326429815198624
1.6312459203154208
1.6301885960422797
1.6293117574877245
1.627685071371532
1.6256121230874556
1.623589625072121
1.6215154435297423
1.6202502907075031
1.619967505109277
1.6197928255134506
1.6198607864049077
1.6202083938284368
1.6212362157618472
1.6226842385480498
1.6243231041085928
1.6264795775919754
1.628398181987218
1.630184056255014
1.6322715240698573
1.6340562125128948
1.6351042885659457
1.635615708840331
1.6359322034237964
1.6372586692146731
1.6394969775809507
1.6420430170304554
1.643891659922066
1.6453747085425554
1.647301068416102
1.6483960956189236
1.6490990210931042
1.649996373543393
1.650873433366208
1.6510420484086368
1.6511021207375793
1.6513663930767075
1.6517395876764887
1.652095290797318
1.6521542411431638
1.6523352110699534
1.6526729645430975
1.6517367147400912
1.6511162612681778
1.6501566081397665
1.6490914855098016
1.6477785499901099
1.6462222290446358
1.6439821496396756
1.6409746195922317
1.638070426061503
1.6357911582698568
1.6330176957562206
1.6298688937931167
1.6267434453192813
1.6233998090488007
1.6202656858105635
1.6179129790556646
1.6154033090400304
1.6132309991559608
1.6123111238597991
1.612440108358185
1.6126388958537126
1.6128918964536356
1.6133443501519955
1.6140934951684285
1.6153501482012211
1.6176347514631573
1.620640251200409
1.6248181089788285
1.6283845875440166
1.6312467371512671
1.633824087116595
1.6362399658429645
1.638526622536244
1.6408813187264788
1.6434308707062621
1.6459641137100267
1.6483862990596052
1.6504069293275723
1.6517838695147125
1.6531585351202451
1.6545165321027124
1.655711202199771
1.6566274374293668
1.6573117096313847
1.6585076871647995
1.6598527204968365
1.6619199835637153
1.6633983619223032
1.6641015667567147
1.6650909221079966
1.6657896552594174
1.6664303013092365
1.6664746676867985
1.666314571225295
1.6664650685265332
1.6666472787003654
1.666439641776074
1.6663093763582604
1.6661150225096009
1.6655360897072562
1.6645625887020417
1.663539719066897
1.6630993087170374
1.663110775661862
1.6634284841684266
1.664162560133574
1.6646420594424167
1.6650800242574664
1.665684393825538
1.6669507455759116
1.6681388666566435
1.6692705082713974
1.6708894125052731
1.6720501516120652
1.6729895429972976
1.6738422085152032
1.6748562674562797
1.6766193270483247
1.6788738590288856
1.6816037297962372
1.683998051353529
1.687181997214579
1.6912076031357866
1.694954579813409
1.698558255489639
1.7017508449486625
1.7041414516384548
1.7067763428245375
1.7092767893609075
1.7108349683254795
1.7127273090930129
1.7150913663545029
1.717593699539387
1.7200102432096498
1.7221687259622684
1.723836694283372
1.7249640965629933
1.725851045743709
1.7267672532412222
1.7281789857081742
1.7290492250557306
1.7301381473078117
1.731795748285164
1.733997384906932
1.736549707443583
1.73909142373156
1.7414273581926414
1.7439796084089247
1.7469181335197896
1.75007133587357
1.7527528927619136
1.7556702186266713
1.7582329606135811
1.7600942224625864
1.7621800424502205
1.7643020178629574
1.7659121299252842
1.7668268846713142
1.7673709490776564
1.767780390772867
1.7680386056740736
1.7677432897416425
1.7669336410950909
1.7660576275946422
1.7647828800840812
1.7640914913212713
1.7638888772711838
1.7637869512604079
1.7630117014833373
1.7627935302256226
1.7630576627849286
1.7635332326619635
1.7636089962226518
1.7638476738758135
1.7643266168192908
1.7647348229694455
1.7649346794066514
1.7644233360994659
1.7638583513451978
1.7629901961222982
1.7616455471464905
1.7607725064110227
1.7594417294009421
1.7580420635279714
1.7565903225570783
1.7550094605563453
1.7530626870219364
1.750700395919207
1.7477617239320846
1.7446439779397194
1.7413112114634641
1.7389220536975265
1.736439791735688
1.7330148568211448
1.729255613976273
1.7250235800235225
1.7212430683845596
1.7182144826323391
1.7161512871967823
1.7139790172743516
1.711623220602605
1.7091231082995104
1.7071366954210798
1.7053498403176894
1.7040043172387251
1.702850572495716
1.7014926837062878
1.7005975343651814
1.7004597219798843
1.700678298008957
1.700777589952839
1.700685330919522
1.7008710436597396
1.7013472702052377
1.7013150758195792
1.7009583881811727
1.7000136119872935
1.6990447695665634
1.698105313661935
1.697541669377764
1.6972216423358777
1.6971214406893598
1.697105237200424
1.6971526671815282
1.6970667206148256
1.6973626131569297
1.697530819874724
1.6974368196791751
1.6971583164694932
1.69626000395565
1.6953459831832978
1.694503561667718
1.6937709423020597
1.6938395265250763
1.6939159706566624
1.6941453289555708
1.6946926482507427
1.6955811788230535
1.6960254012654152
1.6961470945829582
1.6957186976022234
1.6956983281174676
1.695441309546372
1.6947513349236982
1.693896350365166
1.6931745233597555
1.692527536684184
1.691295180645797
1.690107538532071
1.6885664627147814
1.6870755411121692
1.6853954627202723
1.6836149357142485
1.6819366851710593
1.6809189088444063
1.6802687484954935
1.6799259808648015
1.679684799476362
1.6790513669309037
1.678751527380364
1.678186341281579
1.677658438630952
1.6766420006261775
1.6758735686074877
1.6747968498920027
1.6737076569449794
1.672501423200895
1.670899710385882
1.6692464284722397
1.667610936958906
1.666572609463683
1.6664079735412038
1.6664031857497636
1.6662228096062728
1.6657793749479501
1.6650341428967959
1.6638600820074494
1.662608175881854
1.6615619638937154
1.660243384083963
1.658657847284092
1.6573529377747305
1.656532407642433
1.656001318294781
1.6556157721668767
1.6553382129381868
1.655441523429278
1.655187077119646
1.6546536837567514
1.6538164761485799
1.6526362736504312
1.6514850405362231
1.6506119897098972
1.6498443477973392
1.6492026233617265
1.6485599701351532
1.6481347484895863
1.6480217718416266
1.6479274855223418
1.6478287999688352
1.6477822019274857
1.647661222610378
1.6475316116351173
1.6468168037813276
1.6460000257489384
1.6449457388875321
1.6441797716090645
1.6442067392206279
1.644360705133208
1.6445516941151341
1.6449171868305659
1.645408141511102
1.6458721583113556
1.6459315224264275
1.6458629154747229
1.6459213469829388
1.645898077456744
1.645460819095534
1.644866794492457
1.6441389815393797
1.6432080677712486
1.6420777828481097
1.640409277025559
1.639118589795146
1.637876003925689
1.6368348136022224
1.6359061874698406
1.6352582687003678
1.6345476824214165
1.6335343273740608
1.6319308782268085
1.6297739445583117
1.6273355796382116
1.6254020033998313
1.6233400626765562
1.6214699583845862
1.619980325869486
1.618651613635994
1.6181000031938337
1.617753571273354
1.6179183033122557
1.6189866902096313
1.620167591132728
1.6214789718986624
1.6228015782506287
1.6237802489566273
1.62472745624871
1.625314933114314
1.6254493484401809
1.625052909555922
1.624399446922288
1.623274569018541
1.6225643258180869
1.6221251761756659
1.6219975314587556
1.6217078620143426
1.6213229379306542
1.6210544454244564
1.6206212788649799
1.6200139872567834
1.6197524522463613
1.6192039322837322
1.6181348868593497
1.6167730086014347
1.6151767545260383
1.614104713464928
1.613087544035807
1.6121362415276965
1.6108866362727532
1.6096146640687194
1.6082387418184236
1.6064991064967589
1.604868065585373
1.602940426971708
1.6010619276472773
1.599562495949209
1.5981299117229613
1.5970946126452208
1.5961032464710438
1.5955051766710664
1.595206441236866
1.5946437643624005
1.5936100085898066
1.5929771642195814
1.5924278240692864
1.5925162726866837
1.593004561415936
1.5933298608700874
1.5934369667359611
1.5935724893002707
1.593463699306006
1.5933874927666856
1.5934928554864445
1.5941041075828803
1.5947079534789896
1.5957285882719285
1.596752407710108
1.597489675315554
1.5982189162678702
1.5988905236027464
1.5991240198072525
1.5997271559560196
1.6001985570617219
1.6005875404463525
1.601059129734536
1.6015413943476626
1.6021491712699127
1.6027120813778342
1.6032331428725257
1.6040583014198937
1.6047195237600165
1.6050667325295198
1.6054746689056683
1.6062876664174162