-21.0
-21.0
-21.0
-20.95
-20.9525
-20.954875
-20.95713125
-20.9592746875
-20.911310953125
-20.865745405468747
-20.82245813519531
-20.83133522843554
-20.789768467013765
-20.750280043663075
-20.76276604147992
-20.624627739405927
-20.64339635243563
-20.66122653481385
-20.678165208073157
-20.594256947669496
-20.61454410028602
-20.63381689527172
-20.602126050508133
-20.622019747982726
-20.640918760583588
-20.608872822554407
-20.628429181426686
-20.64700772235535
-20.664657336237582
-20.631424469425703
-20.649853245954418
-20.617360583656698
-20.63649255447386
-20.654667926750168
-20.67193453041266
-20.638337803892025
-20.656420913697424
-20.57359986801255
-20.59491987461192
-20.615173880881326
-20.58441518683726
-20.505194427495393
-20.479934706120623
-20.505937970814593
-20.480641072273862
-20.506609018660168
-20.48127856772716
-20.507214639340802
-20.531853907373762
-20.555261212005075
-20.57749815140482
-20.59862324383458
-20.51869208164285
-20.442757477560708
-20.47061960368267
-20.497088623498538
-20.522234192323612
-20.546122482707432
-20.56881635857206
-20.590375540643457
-20.610856763611284
-20.58031392543072
-20.601298229159184
-20.621233317701225
-20.590171651816163
-20.460663069225358
-20.48762991576409
-20.463248419975884
-20.49008599897709
-20.515581699028235
-20.43980261407682
-20.46781248337298
-20.394421859204332
-20.424700766244115
-20.45346572793191
-20.480792441535314
-20.506752819458548
-20.48141517848562
-20.457344419561338
-20.48447719858327
-20.510253338654106
-20.4847406717214
-20.51050363813533
-20.53497845622856
-20.558229533417133
-20.480318056746274
-20.456302153908958
-20.483487046213508
-20.45931269390283
-20.436347059207687
-20.4645297062473
-20.441303220934934
-20.419238059888187
-20.448276156893776
-20.375862349049086
-20.357069231596633
-20.3392157700168
-20.322254981515957
-20.30614223244016
-20.29083512081815
-20.326293364777243
-20.35997869653838
-20.191979761711462
-20.182380773625887
-20.173261734944592
-20.164598648197362
-20.156368715787494
-19.99855027999812
-19.998622765998213
-19.798691627698304
-19.80875704631339
-19.718319193997722
-19.782403234297835
-19.843283072582942
-19.651118918953795
-19.618562973006103
-19.637634824355796
-19.555753083138008
-19.527965428981105
-19.551567157532048
-19.573988799655446
-19.645289359672674
-19.513024891689042
-19.53737364710459
-19.51050496474936
-19.53497971651189
-19.508230730686297
-19.58281919415198
-19.60367823444438
-19.67349432272216
-19.689819606586052
-19.705328626256748
-19.72006219494391
-19.784059085196716
-19.79485613093688
-19.805113324390035
-19.864857658170532
-19.871614775262003
-19.878034036498903
-19.934132334673958
-19.98742571794026
-20.038054432043246
-20.036151710441082
-20.034344124919027
-20.032626918673074
-19.98099557273942
-19.981945794102447
-20.032848504397325
-19.981206079177458
-19.882145775218586
-19.888038486457656
-19.943636562134774
-19.996454734028035
-20.04663199732663
-20.094300397460298
-20.039585377587283
-20.08760610870792
-19.983225803272525
-19.8840645131089
-19.939861287453454
-19.94286822308078
-19.995724811926742
-19.9459385713304
-19.94864164276388
-19.951209560625685
-19.9536490825944
-20.00596662846468
-20.055668297041446
-19.952884882189377
-19.85524063807991
-19.862478606175912
-19.869354675867115
-19.92588694207376
-19.87959259497007
-19.935612965221566
-19.888832316960485
-19.84439070111246
-19.902171166056835
-19.957062607753993
-19.909209477366293
-19.863749003497976
-19.870561553323075
-19.77703347565692
-19.688181801874077
-19.70377271178037
-19.66858407619135
-19.585154872381786
-19.655897128762696
-19.72310227232456
-19.786947158708333
-19.797599800772915
-19.85771981073427
-19.864833820197557
-19.87159212918768
-19.928012522728295
-19.93161189659188
-19.935031301762283
-19.93827973667417
-19.991365749840458
-20.041797462348434
-19.98970758923101
-19.94022220976946
-19.943211099280987
-19.946050544316936
-19.99874801710109
-19.998810616246033
-19.99887008543373
-19.998926581162042
-20.04898025210394
-19.996531239498744
-19.896704677523807
-19.851869443647615
-19.909275971465235
-19.963812172891974
-19.915621564247374
-19.919840486035003
-19.973848461733255
-19.975156038646592
-19.92639823671426
-19.930078324878547
-19.93357440863462
-19.93689568820289
-19.990050903792742
-19.840548358603105
-19.848520940672948
-19.9060948936393
-19.86079014895733
-19.917750641509464
-19.97186310943399
-19.97326995396229
-19.774606456264177
-19.735876133450965
-19.749082326778417
-19.761628210439497
-19.72354679991752
-19.787369459921646
-19.74800098692556
-19.760600937579284
-19.722570890700318
-19.636442346165303
-19.70462022885704
-19.619389217414188
-19.588419756543477
-19.6589987687163
-19.676048830280486
-19.69224638876646
-19.657634069328136
-19.72475236586173
-19.78851474756864
-19.84908901019021
-19.856634559680696
-19.91380283169666
-19.968112690111827
-19.969707055606236
-19.971221702825922
-19.872660617684627
-19.879027586800394
-19.83507620746037
-19.743322397087354
-19.756156277232986
-19.818348463371336
-19.827431040202768
-19.88605948819263
-19.891756513782997
-19.897168688093846
-19.85231025368915
-19.85969474100469
-19.866710003954456
-19.773374503756735
-19.734705778568895
-19.79797048964045
-19.758071965158425
-19.770168366900503
-19.731659948555475
-19.7450769511277
-19.757823103571315
-19.66993194839275
-19.686435350973113
-19.552113583424457
-19.524507904253234
-19.49828250904057
-19.47336838358854
-19.44969996440911
-19.427214966188654
-19.50585421787922
-19.53056150698526
-19.404033431635998
-19.433831760054197
-19.512140172051488
-19.586533163448912
-19.457206505276467
-19.384346180012646
-19.465128871012013
-19.491872427461413
-19.567278806088343
-19.588914865783924
-19.50946912249473
-19.48399566636999
-19.459795883051488
-19.436806088898912
-19.464965784453966
-19.541717495231268
-19.514631620469704
-19.43890003944622
-19.46695503747391
-19.543607285600213
-19.5664269213202
-19.53810557525419
-19.561200296491478
-19.583140281666903
-19.60398326758356
-19.52378410420438
-19.547594898994163
-19.570215154044455
-19.59170439634223
-19.612119176525116
-19.58151321769886
-19.402437556813915
-19.48231567897322
-19.558199895024558
-19.48028990027333
-19.456275405259664
-19.43346163499668
-19.261788553246845
-19.298699125584502
-19.383764169305277
-19.314575960840013
-19.198847162798014
-19.238904804658112
-19.276959564425205
-19.113111586203946
-19.15745600689375
-19.19958320654906
-19.239604046221608
-19.277623843910526
-19.013742651715
-19.063055519129247
-18.909902743172783
-18.96440760601414
-19.016187225713434
-19.065377864427763
-19.112108971206375
-19.056503522646057
-19.153678346513754
-19.095994429188067
-19.09119470772866
-18.98663497234223
-19.08730322372512
-19.132938062538862
-19.176291159411917
-19.21747660144132
-19.20660277136925
-19.29627263280079
-19.33145900116075
-19.31488605110271
-19.349141748547574
-19.381684661120193
-19.362600428064184
-19.244470406660977
-19.232246886327925
-19.07063454201153
-18.91710281491095
-18.921247674165404
-19.025185290457134
-19.073926025934277
-18.970229724637562
-19.021718238405683
-19.0706323264854
-19.11710071016113
-19.061245674653073
-19.058183390920416
-19.105274221374394
-19.050010510305675
-19.097509984790392
-19.042634485550874
-18.99050276127333
-18.890977623209665
-18.996428742049183
-18.99660730494672
-18.896776939699386
-18.951938092714414
-19.004341188078694
-19.054124128674758
-19.00141792224102
-19.00134702612897
-19.00127967482252
-19.00121569108139
-18.95115490652732
-18.953597161200953
-19.055917303140905
-19.10312143798386
-19.097965366084665
-19.09306709778043
-19.03841374289141
-19.13649305574684
-19.129668402959496
-19.22318498281152
-19.112025733670947
-19.0064244469874
-19.00610322463803
-19.055798063406126
-19.003008160235822
-19.00285775222403
-19.002714864612827
-19.052579121382184
-18.849950165313075
-18.757452657047423
-18.81958002419505
-18.678601022985298
-18.694670971836032
-18.809937423244232
-18.76944055208202
-18.73096852447792
-18.644420098254024
-18.66219909334132
-18.629089138674257
-18.64763468174054
-18.715252947653514
-18.729490300270836
-18.593015785257293
-18.56336499599443
-18.585196746194708
-18.65593690888497
-18.723140063440724
-18.636983060268687
-18.65513390725525
-18.47237721189249
-18.398758351297865
-18.47882043373297
-18.554879412046322
-18.577135441444003
-18.498278669371803
-18.573364735903212
-18.59469649910805
-18.614961674152646
-18.584213590445014
-18.70500291092276
-18.719752765376622
-18.73376512710779
-18.797076870752402
-18.757223027214785
-18.719361875854048
-18.783393782061346
-18.794224092958277
-18.754512888310366
-18.71678724389485
-18.680947881700106
-18.7469004876151
-18.609555463234344
-18.679077690072624
-18.645123805568993
-18.512867615290542
-18.537224234526015
-18.460363022799715
-18.437344871659732
-18.465477628076744
-18.492203746672907
-18.56759355933926
-18.5892138813723
-18.559753187303684
-18.631765527938498
-18.750177251541572
-18.862668388964494
-18.669534969516267
-18.636058221040454
-18.65425530998843
-18.57154254448901
-18.54296541726456
-18.515817146401336
-18.59002628908127
-18.560524974627207
-18.632498725895847
-18.650873789601054
-18.668330100121
-18.68491359511495
-18.7006679153592
-18.615634519591243
-18.634852793611678
-18.40311015393109
-18.432954646234535
-18.41130691392281
-18.44074156822667
-18.418704489815337
-18.39776926532457
-18.27788080205834
-18.263986761955426
-18.150787423857654
-18.19324805266477
-18.083585650031534
-18.07940636752996
-18.075436049153463
-18.12166424669579
-18.065581034361003
-18.012301982642953
-18.011686883510805
-17.961102539335265
-18.0630474123685
-18.059895041750078
-18.156900289662573
-18.099055275179445
-17.94410251142047
-17.94689738584945
-18.099552516556976
-18.094574890729128
-18.13984614619267
-17.982853838883038
-17.933711146938887
-18.087025589591942
-17.982674310112344
-17.93354059460673
-17.98686356487639
-17.98752038663257
-17.888144367300942
-17.943737148935895
-17.9965502914891
-17.796722776914645
-17.65688663806891
-17.674042306165468
-17.590340190857194
-17.410823181314335
-17.44028202224862
-17.36826792113619
-17.44985452507938
-17.477361798825413
-17.453493708884142
-17.530819023439935
-17.50427807226794
-17.329064168654543
-17.312610960221818
-17.396980412210727
-17.42713139160019
-17.50577482202018
-17.33048608091917
-17.36396177687321
-17.39576368802955
-17.27597550362807
-17.31217672844667
-17.446567892024333
-17.524239497423114
-17.398027522551956
-17.37812614642436
-17.409219839103145
-17.188758847147987
-17.029320904790588
-17.22785485955106
-17.166462116573506
-17.008139010744827
-17.007732060207587
-16.707345457197206
-16.67197818433735
-16.58837927512048
-16.55896031136446
-16.631012295796236
-16.699461681006426
-16.714488596956105
-16.8287641671083
-16.937325958752883
-16.94045966081524
-16.99343667777448
-16.993764843885756
-17.194076601691467
-17.284372771606893
-17.07015413302655
-17.066646426375222
-16.963314105056458
-17.015148399803635
-17.114390979813454
-16.908671430822782
-16.663237859281644
-16.78007596631756
-16.64107216800168
-16.6590185596016
-16.626067631621517
-16.644764250040442
-16.66252603753842
-16.6293997356615
-16.697929748878426
-16.663033261434506
-16.579881598362782
-16.500887518444642
-16.325843142522412
-16.359550985396293
-16.44157343612648
-16.569494764320154
-16.491020026104145
-16.566469024798938
-16.38814557355899
-16.26873829488104
-16.255301380136988
-15.992536311130138
-15.84290949557363
-15.90076402079495
-15.955725819755203
-16.057939528767445
-16.055042552329073
-15.85229042471262
-16.05967590347699
-15.80669210830314
-15.766357502887983
-15.878039627743583
-15.784137646356404
-15.894930764038584
-15.750184225836655
-15.912675014544822
-15.81704126381758
-15.676189200626702
-15.692379740595367
-15.8077607535656
-15.61737271588732
-15.486504080092955
-15.662178876088307
-15.429069932283891
-15.257616435669696
-15.344735613886213
-15.377498833191902
-15.458623891532309
-15.485692696955693
-15.16140806210791
-14.853337659002515
-15.110670776052388
-15.205137237249769
-15.294880375387281
-15.130136356617918
-15.223629538787023
-15.36244806184767
-15.344325658755286
-15.427109375817523
-15.455753907026647
-15.432966211675314
-15.46131790109155
-15.18825200603697
-15.278839405735123
-15.164897435448367
-14.606652563675947
-14.726319935492151
-14.840003938717544
-14.798003741781667
-14.708103554692583
-14.572698376957952
-14.444063458110055
-14.571860285204552
-14.793267270944325
-14.853603907397108
-14.410923712027254
-14.19037752642589
-14.230858650104594
-13.419315717599364
-13.198349931719397
-13.338432435133427
-13.221510813376756
-12.910435272707918
-12.664913509072521
-12.681667833618896
-12.84758444193795
-12.155205219841053
-12.247444958849
-12.23507271090655
-12.123319075361222
-12.067153121593162
-12.163795465513504
-12.105605692237829
-12.100325407625938
-11.945309137244642
-11.69804368038241
-11.91314149636329
-12.217484421545125
-12.256610200467868
-12.493779690444475
-12.569090705922251
-12.690636170626139
-12.706104362094832
-12.87079914399009
-13.077259186790586
-13.123396227451057
-12.917226416078504
-12.82136509527458
-12.880296840510852
-12.636281998485309
-12.704467898561044
-12.869244503632991
-12.925782278451342
-12.979493164528776
-12.880518506302337
-12.98649258098722
-12.987167951937858
-12.837809554340964
-12.695919076623916
-12.911123122792722
-12.115566966653084
-12.10978861832043
-12.50429918740441
-12.47908422803419
-12.30513001663248
-12.239873515800857
-12.577879840010816
-12.848985848010274
-12.95653655560976
-13.108709727829273
-13.00327424143781
-12.80311052936592
-12.412955002897624
-12.242307252752743
-12.530191890115105
-12.25368229560935
-12.340998180828883
-12.52394827178744
-12.547750858198068
-12.420363315288164
-12.199345149523754
-12.589377892047565
-12.459908997445186
-12.286913547572928
-11.97256787019428
-12.073939476684567
-12.17024250285034
-11.811730377707821
-11.62114385882243
-11.390086665881308
-11.620582332587242
-11.789553215957879
-11.300075555159983
-11.035071777401985
-10.983318188531886
-10.38415227910529
-10.414944665150026
-10.044197431892524
-9.991987560297899
-9.842388182283003
-10.100268773168851
-10.095255334510409
-10.290492567784888
-9.525967939395644
-9.599669542425861
-8.819686065304566
-8.97870176203934
-9.079766673937373
-9.175778340240505
-9.51698942322848
-9.091139952067056
-8.786582954463704
-8.397253806740519
-8.327391116403493
-8.51102156058332
-7.835470482554154
-7.543696958426446
-7.666512110505124
-7.633186504979868
-6.701527179730873
-6.56645082074433
-6.588128279707114
-6.758721865721759
-6.72078577243567
-6.084746483813886
-5.880509159623191
-5.786483701642031
-5.8471595165599295
-6.304801540731933
-6.4895614636953365
-6.41508339051057
-6.244329220985041
-6.082112759935789
-6.028007121939
-5.67660676584205
-5.542776427549947
-5.31563760617245
-5.099855725863827
-5.494862939570635
-5.570119792592103
-5.691613802962498
-4.957033112814372
-4.309181457173653
-4.8437223843149715
-4.4515362650992225
-4.378959451844262
-4.560011479252049
-4.382010905289446
-3.9629103600249733
-3.7147648420237243
-2.8290265999225372
-2.937575269926411
-2.6906965064300903
-3.1061616811085857
-3.0508535970531563
-3.3483109172004983
-3.330895371340473
-2.864350602773449
-2.421133072634776
-2.5000764190030376
-1.625072598052885
-1.1438189681502404
-1.2866280197427284
-1.1722966187555919
-0.5136817878178117
-0.33799769842692096
-0.8710978135055754
-0.5275429228302962
-0.9011657766887817
-1.0061074878543428
-0.305802113461625
0.00948799221145652
0.359013592600884
0.59106291297084
0.7615097673222981
1.0734342789561835
1.4197625650083747
1.9487744367579565
1.6013357149200584
1.921268929174056
2.3252054827153534
2.508945208579586
2.6334979481506062
3.351823050743077
3.4842318982059233
3.0600203032956266
3.4070192881308454
3.636668323724303
4.1048349075380886
4.549593162161185
4.672113504053126
4.038507828850469
4.2865824374079455
3.872253315537548
4.328640649760671
4.362208617272637
4.344098186409005
3.9768932770885543
4.378048613234127
3.909146182572421
4.0136888734438
4.26300442977161
3.949854208283029
3.4023614978688768
3.0322434229754327
3.3806312518266615
3.661599689235329
4.028519704773563
3.477093719534885
3.953239033558141
3.8055770818802337
3.9152982277862223
4.269533316396911
4.456056650577066
3.9832538180482127
4.234091127145803
4.822386570788513
5.381267242249088
5.012203880136633
4.361593686129801
4.543514001823311
4.066338301732146
4.263021386645539
4.449870317313262
4.777376801447599
4.838507961375219
4.896582563306458
4.401753435141135
4.731665763384079
5.145082475214875
5.037828351454131
5.335936933881425
5.369140087187354
5.900683082827987
6.305648928686589
6.64036648225226
6.608348158139647
6.8779307502326645
6.734034212721031
6.89733250208498
6.802465876980731
7.062342583131695
7.3092254539751105
7.293764181276355
7.379075972212537
6.960122173601911
7.112116064921816
7.456510261675726
7.03368474859194
7.682000511162343
7.647900485604226
7.565505461324015
7.587230188257815
8.007868678844925
8.207475244902678
8.597101482657544
9.017246408524668
9.266384088098436
9.403064883693514
9.682911639508838
9.348766057533396
9.081327754656726
9.27726136692389
9.313398298577695
8.997728383648811
9.19784196446637
9.487949866243051
8.913552372930898
9.117874754284353
9.111981016570136
9.556381965741629
9.628562867454548
9.747134724081821
9.90977798787773
9.914289088483843
9.91857463405965
10.172645902356667
10.364013607238833
10.645812926876891
11.013522280533046
10.812846166506393
10.872203858181074
11.128593665272021
10.97216398200842
10.923555782907998
11.027377993762599
11.076009094074468
11.422208639370744
10.801098207402205
11.161043297032094
11.052991132180491
10.550341575571467
10.522824496792893
10.84668327195325
10.704349108355586
10.869131652937808
10.925675070290918
10.879391316776372
10.835421750937552
10.593650663390674
10.61396813022114
10.883269723710084
10.78910623752458
10.699650925648351
11.164668379365935
11.056434960397638
10.953613212377757
11.305932551758868
11.390635924170924
11.521104127962378
11.795048921564259
11.805296475486045
12.015031651711743
12.014280069126155
12.213566065669847
12.552887762386355
12.625243374267038
12.593981205553685
12.564282145276
12.736068038012199
12.599264636111588
12.76930140430601
12.43083633409071
12.709294517386175
12.473829791516867
12.750138301941023
12.812631386843972
12.771999817501772
12.883399826626682
12.839229835295349
12.697268343530581
13.062404926354052
13.009284680036348
13.15882044603453
13.200879423732804
13.340835452546164
13.273793679918857
13.460103995922914
13.687098796126769
13.802743856320431
13.862606663504408
14.019476330329189
14.018502513812729
13.917577388122094
14.17169851871599
14.16311359278019
14.05495791314118
13.85221001748412
14.109599516609915
14.10411954077942
14.298913563740449
14.433967885553427
14.512269491275756
14.186656016711968
14.02732321587637
14.07595705508255
13.822159202328423
13.481051242212
13.3569986801014
13.13914874609633
13.182191308791515
13.223081743351939