-9.0
-9.25
-9.5875
-9.658125
-9.925218749999999
-9.778957812499998
-10.240009921874998
-10.42800942578125
-10.556608954492187
-10.72877850676758
-10.5423395814292
-10.61522260235774
-11.034461472239853
-10.78273839862786
-10.693601478696467
-11.108921404761643
-11.353475334523562
-11.435801567797384
-11.664011489407516
-11.98081091493714
-12.431770369190282
-12.710181850730768
-12.87467275819423
-12.730939120284518
-12.994392164270291
-13.194672556056778
-13.53493892825394
-12.608191981841243
-12.92778238274918
-12.731393263611722
-13.094823600431134
-13.190082420409576
-12.580578299389098
-12.501549384419643
-12.77647191519866
-12.287648319438727
-12.623265903466791
-12.842102608293452
-13.14999747787878
-13.24249760398484
-13.530372723785598
-13.503854087596318
-13.678661383216504
-13.344728314055677
-12.777491898352892
-12.788617303435247
-12.949186438263485
-13.05172711635031
-12.649140760532795
-12.416683722506155
-12.64584953638085
-11.813557059561806
-11.072879206583714
-11.169235246254528
-11.310773483941803
-11.595234809744714
-11.215473069257477
-11.304699415794603
-11.289464445004873
-11.374991222754629
-11.556241661616896
-11.578429578536053
-11.94950809960925
-11.452032694628787
-10.679431059897347
-11.14545950690248
-11.138186531557356
-10.681277204979487
-9.847213344730513
-10.004852677493988
-10.504610043619287
-10.829379541438325
-11.13791056436641
-10.531015036148087
-10.254464284340683
-10.79174107012365
-10.902154016617466
-11.407046315786593
-11.736693999997263
-11.6998592999974
-11.76486633499753
-11.626623018247654
-11.845291867335272
-12.303027273968508
-12.087875910270084
-12.48348211475658
-12.309308009018752
-12.143842608567814
-12.486650478139424
-12.462317954232454
-12.689202056520832
-12.654741953694792
-12.222004856010052
-12.46090461320955
-12.637859382549072
-12.405966413421618
-12.135668092750537
-12.02888468811301
-11.277440453707358
-11.26356843102199
-11.400390009470891
-10.880370508997347
-11.03635198354748
-11.184534384370107
-11.3753076651516
-11.85654228189402
-11.96371516779932
-11.465529409409353
-11.492252938938886
-11.417640291991942
-11.846758277392347
-11.35442036352273
-11.536699345346593
-11.209864378079262
-9.949371159175296
-9.751902601216532
-9.914307471155706
-10.31859209759792
-10.352662492718023
-10.585029368082122
-10.605777899678015
-10.975489004694115
-10.87671455445941
-11.13287882673644
-11.376234885399617
-11.107423141129637
-11.002051984073155
-11.151949384869498
-10.844351915626023
-10.55213431984472
-10.224527603852483
-9.863301223659859
-10.320136162476865
-10.454129354353022
-10.481422886635372
-10.457351742303603
-10.084484155188422
-10.130259947429002
-10.423746950057552
-9.352559602554674
-9.484931622426942
-9.710685041305595
-9.925150789240316
-9.7288932497783
-9.592448587289384
-9.562826157924915
-9.88468485002867
-9.940450607527236
-10.093428077150874
-10.13875667329333
-10.431818839628663
-10.41022789764723
-10.189716502764869
-10.230230677626626
-9.418719143745292
-9.747783186558028
-8.910394027230126
-8.76487432586862
-8.576630609575188
-7.897799079096428
-8.352909125141608
-8.735263668884528
-8.348500485440303
-8.231075461168288
-8.519521688109874
-8.69354560370438
-8.90886832351916
-9.013424907343202
-8.41275366197604
-8.89211597887724
-9.247510179933377
-9.435134670936709
-9.863377937389872
-9.92020904052038
-9.624198588494359
-9.49298865906964
-9.068339226116159
-9.11492226481035
-9.409176151569831
-9.33871734399134
-9.471781476791772
-9.648192402952183
-9.365782782804573
-9.297493643664344
-8.932618961481126
-8.93598801340707
-8.689188612736714
-8.804729182099878
-8.664492722994884
-7.931268086845138
-8.034704682502882
-8.032969448377738
-7.381320975958851
-7.2622549271609085
-7.549142180802863
-7.421685071762719
-7.300600818174583
-7.535570777265854
-7.808792238402561
-7.818352626482433
-7.277434995158311
-7.063563245400395
-7.110385083130375
-6.4548658289738565
-6.482122537525164
-6.558016410648906
-6.780115590116462
-5.991109810610638
-5.541554320080105
-5.5144766040760995
-5.788752773872295
-5.8493151351786805
-6.106849378419747
-6.3515069094987595
-6.533931564023822
-6.457234985822631
-6.2343732365315
-6.5726545747049245
-6.944021845969679
-6.9468207536711954
-6.949479715987636
-6.7520057301882535
-7.164405443678842
-7.3561851714949
-6.788375912920155
-6.848957117274147
-6.756509261410439
-6.918683798339918
-6.472749608422921
-6.599112128001775
-6.669156521601686
-5.935698695521602
-6.3389137607455215
-6.471968072708245
-6.548369669072833
-5.970951185619191
-6.122403626338231
-6.516283445021321
-6.740469272770255
-6.803445809131743
-6.563273518675155
-6.735109842741398
-6.698354350604328
-6.463436633074112
-6.040264801420406
-5.988251561349386
-5.638838983281916
-5.50689703411782
-5.78155218241193
-6.042474573291334
-5.690350844626767
-5.355833302395429
-4.588041637275657
-4.408639555411874
-4.688207577641281
-4.803797198759217
-5.263607338821258
-5.4004269718801945
-5.480405623286185
-5.0563853421218745
-4.85356607501578
-4.8608877712649905
-4.367843382701741
-4.7994512135666545
-4.209478652888321
-4.149004720243905
-4.441554484231711
-4.519476760020126
-4.59350292201912
-4.313827775918163
-4.2981363871222555
-4.183229567766142
-3.724068089377835
-3.837864684908943
-3.745971450663496
-3.358672878130321
-3.840739234223805
-3.5987022725126145
-4.218767158886984
-4.207828800942635
-4.397437360895504
-4.577565492850729
-4.148687218208192
-3.591252857297782
-3.7616902144328934
-4.1736057037112495
-4.214925418525687
-4.554179147599403
-4.3764701902194325
-4.957646680708462
-4.759764346673038
-4.821776129339387
-4.780687322872418
-4.391652956728796
-3.922070308892356
-4.075966793447738
-3.7221684537753505
-3.786060031086583
-3.796757029532254
-3.3069191780556406
-3.5415732191528586
-4.064494558195216
-4.211269830285455
-4.050706338771182
-3.348171021832622
-3.4307624707409907
-3.6092243472039414
-3.7287631298437445
-3.842324973351557
-3.9002087246839796
-4.0051982884497805
-4.004938374027292
-4.004691455325927
-3.25445688255963
-2.9417340384316484
-3.4946473365100665
-3.5199149696845633
-3.543919221200335
-3.266723260140318
-2.6033870971333015
-2.3232177422766362
-2.057056855162804
-1.6042040124046633
-2.1739938117844306
-1.815294121195209
-2.274529415135449
-2.3108029443786764
-2.1452627971597424
-1.2879996573017547
-1.7235996744366673
-1.1874196907148336
-1.0780487061790918
-1.3241462708701375
-1.3579389573266307
-1.5900420094602994
-1.3105399089872842
-1.0950129135379199
-0.4402622678610233
-0.268249154467972
-0.8048366967445739
-0.564594861907345
-0.7863651188119779
-0.797046862871379
-1.4571945197278107
-1.4343347937414201
-1.0126180540543488
-0.7619871513516311
-0.6738877937840495
-0.540193404094847
-0.21318373389010437
0.09747545280440112
0.3426016801641813
0.07547159615597199
-0.32830198365182695
-1.0618868844692362
-0.8587925402457741
-1.3158529132334857
-0.9500602675718111
-1.502557254193221
-1.3774293914835598
-1.1085579219093815
-0.6031300258139121
-0.42297352452321635
-0.3018248482970554
0.36326639411779793
0.5951030744119082
1.1153479206913133
1.4095805246567479
1.2391014984239104
0.6771464235027143
0.9432891023275788
1.1461246472112
1.1388184148506402
1.3318774941081084
1.3152836194027029
0.7495194384325672
0.5120434665109386
0.4364412931853916
0.6146192285261222
0.8338882670998162
1.2421938537448258
1.2300841610575846
1.5185799530047055
1.7926509553544705
2.1530184075867473
1.8953674872074096
1.2505991128470384
1.0880691572046863
0.48366569934445147
0.509482414377229
0.43400829365836746
0.06230787897544876
-0.5408075149733242
-0.563767139224658
-0.6855787822634253
-0.20129984315025362
0.05876514900725929
-0.09417310844310381
-0.7894644530209493
-0.7999912303699018
-0.6599916688514066
-1.2269920854088368
-1.4156424811383952
-1.6948603570814758
-1.4601173392274018
-1.6871114722660319
-1.6527558986527302
-1.3201181037200933
-1.5041121985340888
-1.7289065886073847
-1.4424612591770152
-1.5703381962181646
-1.8418212864072567
-2.049730222086894
-2.1472437109825497
-2.239881525433422
-2.277887449161751
-1.663993076703663
-1.78079342286848
-1.8417537517250562
-1.349666064138803
-1.7321827609318632
-1.8455736228852702
-1.6532949417410066
-2.0206301946539567
-2.369598684921259
-2.401118750675196
-1.981062813141436
-1.682009672484364
-1.3479091888601455
-1.5305137294171385
-1.5039880429462815
-1.078788640798967
-1.374849208759019
-1.4561067483210681
-1.1833014109050144
-1.0741363403597637
-0.8204295233417753
-0.5794080471746863
-0.25043764481595165
-0.5379157625751543
-0.4110199744463965
-0.1404689757240764
0.26655447306212776
0.0032267494090211235
0.20306541193857025
0.14291214134164168
0.7857665342745601
1.0964782075608324
1.441654297182791
1.969571582323652
2.17109300320747
2.162538353047096
2.5544114353947416
2.8766908636250044
2.432856320443754
2.7112135044215666
2.9756528292004885
3.0268701877404642
3.3755266783534412
3.4567503444357692
3.583912827213981
3.154717185853282
3.396981326560618
3.677132260232587
4.143275647220958
3.6861118648599094
3.3018062716169134
3.2367159580360676
3.224880160134264
3.8136361521275512
4.222954344521174
4.561806627295116
4.883716295930361
5.239530481133843
5.177553957077151
5.568676259223294
5.49024244626213
5.715730323949023
5.879943807751571
6.185946617363993
6.476649286495793
6.402816822171004
6.582675981062454
6.403542182009332
6.5333650729088655
6.606696819263422
6.776361978300251
7.137543879385239
6.980666685415978
7.281633351145179
7.41755168358792
7.696674099408524
7.661840394438098
7.878748374716193
7.934810955980383
7.938070408181364
8.341166887772296
8.424108543383682
8.352903116214497
8.235257960403771
8.423495062383584
8.352320309264403
8.684704293801182
8.600469079111123
8.720445625155568
8.93442334389779
9.087702176702901
8.433317067867755
8.211651214474365
8.351068653750646
8.583515221063115
8.55433946000996
8.276622487009462
8.16279136265899
8.20465179452604
7.394419204799737
7.624698244559751
7.093463332331763
7.088790165715175
7.584350657429416
7.555133124557946
7.777376468330049
7.3385076449135465
7.521582262667869
7.845503149534476
8.403227992057753
8.233066592454865
8.121413262832121
8.315342599690515
8.24957546970599
8.03709669622069
7.5852418614096555
7.655979768339172
7.973180779922213
8.224521740926104
8.213295653879799
8.202630871185809
8.392499327626519
8.422874361245192
8.251730643182933
8.039144111023786
8.337186905472597
8.770327560198968
8.98181118218902
8.232720623079567
8.171084591925588
8.16253036232931
8.054403844212844
8.351683652002203
8.634099469402093
8.802394495931988
9.112274771135388
9.406661032578619
9.586327980949688
9.857011581902203
9.964161002807092
9.765952952666737
9.9276553050334
9.93127253978173
10.034708912792645
9.582973467153014
9.553824793795364
9.826133554105596
10.184826876400317
9.8255855325803
10.134306255951286
10.327590943153721
10.011211395996035
10.110650826196235
10.105118284886423
10.149862370642103
9.992369252109997
10.092750789504496
10.33811325002927
10.621207587527806
10.690147208151416
11.155639847743846
11.647857855356653
11.61546496258882
11.78469171445938
11.74545712873641
12.05818427229959
12.45527505868461
12.53251130575038
12.55588574046286
12.228091453439719
12.466686880767734
12.543352536729348
12.516184909892882
12.490375664398236
12.265856881178324
12.352564037119409
12.484935835263437
12.260689043500266
12.24765459132525
12.335271861758988
12.26850826867104
12.25508285523749
12.542328712475614
12.415212276851832
12.54445166300924
12.51722907985878
12.69136762586584
12.65679924457255
12.823959282343923
12.932761318226726
12.53612325231539
12.65931708969962
12.72635123521464
12.540033673453909
12.963031989781214
12.714880390292153
12.529136370777547
12.552679552238668
12.575045574626735
12.746293295895399
12.908978631100629
13.013529699545597
13.162853214568317
13.204710553839902
13.244475026147908
13.082251274840512
13.178138711098486
13.219231775543562
13.408270186766385
13.587856677428068
13.758463843556665
13.520540651378832
13.59451361880989
13.464787937869396
13.641548540975927
13.60947111392713
13.628997558230774
13.647547680319235
13.465170296303272
13.49191178148811
13.617316192413705
13.78645038279302
13.84712786365337
13.9047714704707
14.109532896947165
14.304056252099807
14.138853439494817
14.131910767520075
14.17531522914407
14.166549467686867
13.908221994302524
14.062810894587399
14.109670349858028
13.904186832365125
13.908977490746869
14.113528616209525
14.157852185399047
14.249959576129095
14.43746159732264
14.515588517456509
14.439809091583683
14.467818637004498
14.694427705154274
14.40970631989656
14.339221003901732
14.672259953706646
14.788646956021315
15.04921460822025
15.096753877809238
15.291916183918778
15.377320374722839
15.308454355986697
15.193031638187362
15.283380056277995
15.019211053464094
15.11825050079089
15.212337975751346
15.50172107696378
15.42663502311559
15.455303271959812
15.28253810836182
15.018411202943728
15.117490642796543
15.061616110656717
15.108535305123882
15.203108539867689
15.242953112874304
15.380805457230588
15.41176518436906
15.391176925150607
15.371618078893075
15.453037174948422
15.530385316201002
15.603866050390954
15.723672747871406
15.837489110477836
15.795614654953944
15.905833922206247
15.810542226095935
15.670015114791138
15.78651435905158
15.897188641099001
16.002329209044053
16.10221274859185
16.14710211116226
16.239747005604144
16.377759655323935
16.208871672557738
16.19842808892985
15.83850668448336
15.996581350259191
15.696752282746232
15.81191466860892
15.871318935178474
15.92775298841955
16.031365338998572
15.779797072048643
15.890807218446211
15.9462668575239
15.948953514647705
15.751505838915321
15.663930546969555
15.680734019621077
15.596697318640024
15.816862452708023
15.876019330072623
15.832218363568991
15.890607445390541
15.796077073121015
15.956273219464965
15.858459558491717
15.865536580567131
15.672259751538775
15.738646763961837
15.751714425763746
15.714128704475558
15.82842226925178
15.83700115578919
15.84515109799973
15.702893543099744
15.917748865944759
15.971861422647521
16.023268351515146
16.07210493393939
16.068499687242422
15.9150747028803
15.869320967736284
16.02585491934947
15.974562173381996
16.075834064712897
16.02204236147725
16.170940243403386
16.312393231233216
16.196773569671553
16.336934891187976
15.920088146628578
16.12408373929715
16.06787955233229
16.114485574715676
16.158761295979893
16.200823231180898
16.290782069621855
16.276242966140764
16.412430817833727
16.34180927694204
16.47471881309494
16.55098287244019
16.57343372881818
16.594762042377273
16.71502394025841
16.679272743245487
16.64530910608321
16.81304365077905
17.022391468240098
17.221271894828092
17.160208300086687
17.25219788508235
17.239587990828234
17.127608591286823
17.22122816172248
17.210166753636354
17.049658415954536
16.94717549515681
17.04981672039897
16.99732588437902
16.99745959016007
16.997586610652068
17.09770728011946
16.942821916113488
16.995680820307815
17.045896779292427
17.243601940327807
17.331421843311414
17.464850751145843
17.39160821358855
17.522027802909122
17.595926412763664
17.61613009212548
17.585323587519206
17.606057408143247
17.425754537736083
17.504466810849276
17.62924347030681
17.69778129679147
17.662892231951897
17.7797476203543
17.790760239336585
17.851222227369753
17.858661116001265
17.9657280602012
18.11744165719114
18.161569574331583
18.203491095615004
18.143316540834252
18.136150713792542
18.129343178102918
18.07287601919777
17.91923221823788
17.973270607325986
18.124607076959688
18.168376723111702
18.159957886956118
18.00195999260831
17.901861992977896
17.906768893329
17.96143044866255
18.113358926229424
18.107690979917955
18.152306430922057
18.244691109375953
18.282456553907153
18.318333726211794
18.3524170399012
18.48479618790614
18.460556378510837
18.437528559585296
18.41565213160603
18.494869525025727
18.420126048774442
18.449119746335718
18.47666375901893
18.50283057106798
18.477689042514584
18.453804590388856
18.331114360869414
18.41455864282594
18.293830710684645
18.429139175150414
18.557682216392895
18.57979810557325
18.55080820029459
18.67326779027986
18.689604400765862
18.70512418072757
18.76986797169119
18.68137457310663
18.547305844451298
18.569940552228733
18.541443524617296
18.56437134838643
18.48615278096711
18.561845141918752
18.633752884822815
18.652065240581674
18.569461978552592
18.390988879624963
18.471439435643713
18.397867463861527
18.47797409066845
18.504075386135025
18.278871616828273
18.314928035986856
18.399181634187514
18.27922255247814
18.365261424854232
18.34699835361152
17.929648435930943
18.033166014134395
18.181507713427674
18.17243232775629
18.213810711368474
18.25312017580005
18.290464167010047
18.175940958659545
18.11714391072657
18.21128671519024
18.250722379430727
18.288186260459188
18.223776947436228
18.21258810006442
18.1519586950612
18.19436076030814
17.98464272229273
18.03541058617809
18.083640056869186
18.179458054025726
18.12048515132444
18.164460893758218
18.106237849070308
18.250925956616793
18.088379658785954
18.133960675846655
18.077262642054322
18.073399509951606
17.969729534454025
17.971243057731325
18.02268090484476
17.971546859602523
18.072969516622397
18.06932104079128
17.865854988751714
17.872562239314128
17.97893412734842
17.929987420981
18.03348804993195
18.08181364743535
18.077722965063582
18.023836816810405
18.022644975969886
18.171512727171393
18.312937090812824
18.297290236272183
18.33242572445857
18.31580443823564
18.100014216323856
18.095013505507666
18.040262830232283
18.13824968872067
18.081337204284637
18.227270344070405
18.265906826866882
18.252611485523538
18.13998091124736
18.18298186568499
18.27383277240074
18.360141133780704
18.39213407709167
18.372527373237087
18.453901004575233
18.531205954346472
18.554645656629148
18.57691337379769
18.548067705107808
18.570664319852416
18.492131103859794
18.567524548666803
18.589148321233463
18.70969090517179
18.7242063599132
18.687996041917543
18.703596239821664
18.668416427830582
18.734995606439053
18.7482458261171
18.760833534811244
18.77279185807068
18.734152265167147
18.597444651908788
18.66757241931335
18.78419379834768
18.844984108430296
18.85273490300878
18.91009815785834
18.91459324996542
18.56886358746715
18.59042040809379
18.310899387689105
18.345354418304648
18.478086697389415
18.604182362519943
18.473973244393946
18.600274582174247
18.620260853065535
18.689247810412258
18.754785419891643
18.71704614889706
18.781193841452207
18.692134149379598
18.60752744191062
18.57715106981509
18.54829351632434
18.520878840508125
18.49483489848272
18.470093153558583
18.446588495880654
18.574259071086622
18.69554611753229
18.760768811655677
18.822730371072893
18.831593852519248
18.940014159893284
18.94301345189862
18.945862779303685